kinematics:
  shoulder:
    x: 0
    y: 0
    z: 0.1523191002353753
    roll: -0
    pitch: 0
    yaw: 9.111308644192683e-08
  upper_arm:
    x: -5.876475851896999e-05
    y: 0
    z: 0
    roll: 1.571100545841535
    pitch: 0
    yaw: -2.631885929370012e-06
  forearm:
    x: -0.2439344438357303
    y: 0
    z: 0
    roll: 0.0007840972327642576
    pitch: 0.0007414186605495832
    yaw: 1.534725595347093e-07
  wrist_1:
    x: -0.2133589065524923
    y: 3.412234477054413e-06
    z: 0.1312993905099207
    roll: 3.141566665392414
    pitch: 3.140335962904101
    yaw: -3.141588593439836
  wrist_2:
    x: 6.518803365022967e-05
    y: -0.08539500119708977
    z: -6.774824725997526e-05
    roll: 1.571589678069521
    pitch: 0
    yaw: 2.003563872240988e-07
  wrist_3:
    x: -5.460827935352386e-05
    y: 0.09226403496187902
    z: -0.0001122061894005334
    roll: 1.569580185162578
    pitch: 3.141592653589793
    yaw: 3.141592377658212
  hash: calib_15624385605784810988